38 71 4 23
41 58 40 40 40 20

Coordinates
1            0            1          0.5
2            0            1            0
3      0.78192            1          0.5
4      0.81154            1            0
5            0            0          0.5
6            0            0            0
7      0.81154            0          0.5
8      0.81154            0            0
9       1.7035            1          0.5
10       1.7955            1            0
11       1.7955            0          0.5
12       1.7955            0            0
13       2.8112            1          0.5
14       2.9719            1            0
15       2.9719            0          0.5
16       2.9719            0            0
17       4.1221            1          0.5
18       4.3553            1            0
19       4.3553            0          0.5
20       4.3553            0            0
21       5.6447            1          0.5
22       5.8779            1            0
23       5.8779            0          0.5
24       5.8779            0            0
25       7.0281            1          0.5
26       7.1888            1            0
27       7.1888            0          0.5
28       7.1888            0            0
29       8.2045            1          0.5
30       8.2965            1            0
31       8.2965            0          0.5
32       8.2965            0            0
33       9.1885            1          0.5
34       9.2181            1            0
35       9.2181            0          0.5
36       9.2181            0            0
37           10            1          0.5
38           10            1            0
39           10          0.5         0.25
40           10            0          0.5
41           10            0            0
EndCoordinates

Elements
1 38 39 37 34
2 40 39 41 35
3 39 38 41 34
4 40 37 39 35
5 41 36 35 39
6 2 3 1 6
7 33 34 37 39
8 4 3 2 8
9 6 5 7 3
10 8 6 7 3
11 41 36 39 34
12 37 33 39 35
13 36 35 39 33
14 33 30 34 36
15 4 9 3 8
16 33 34 39 36
17 35 36 31 33
18 36 32 31 30
19 10 9 4 12
20 29 30 33 31
21 8 7 11 9
22 12 8 11 9
23 1 5 6 3
24 32 31 30 26
25 7 8 3 9
26 11 12 9 13
27 10 9 12 13
28 29 30 31 26
29 31 32 28 26
30 27 31 28 26
31 28 27 26 22
32 25 26 29 27
33 25 26 27 22
34 14 13 10 16
35 14 13 16 17
36 12 11 16 13
37 11 15 16 13
38 15 16 13 17
39 6 8 2 3
40 14 18 17 16
41 25 21 22 23
42 21 22 23 18
43 27 28 24 22
44 23 27 24 22
45 24 23 22 18
46 16 15 19 17
47 20 16 19 17
48 19 20 17 18
49 19 20 18 24
50 20 17 18 16
51 17 19 18 21
52 8 12 4 9
53 30 33 31 36
54 31 27 29 26
55 23 24 19 18
56 12 10 13 16
57 27 23 25 22
58 19 18 21 23
EndElements

DirichletX
1            0
2            0
3            0
4            0
5            0
6            0
7            0
8            0
9            0
10            0
11            0
12            0
13            0
14            0
15            0
16            0
17            0
18            0
19            0
20            0
21            0
22            0
23            0
24            0
25            0
26            0
27            0
28            0
29            0
30            0
31            0
32            0
33            0
34            0
35            0
36            0
37            0
38            0
40            0
41            0
EndDirichletX

DirichletY
1            0
2            0
3            0
4            0
5            0
6            0
7            0
8            0
9            0
10            0
11            0
12            0
13            0
14            0
15            0
16            0
17            0
18            0
19            0
20            0
21            0
22            0
23            0
24            0
25            0
26            0
27            0
28            0
29            0
30            0
31            0
32            0
33            0
34            0
35            0
36            0
37            0
38            0
40            0
41            0
EndDirichletY

DirichletZ
1            0
2            0
3            0
4            0
5            0
6            0
7            0
8            0
9            0
10            0
11            0
12            0
13            0
14            0
15            0
16            0
17            0
18            0
19            0
20            0
21            0
22            0
23            0
24            0
25            0
26            0
27            0
28            0
29            0
30            0
31            0
32            0
33            0
34            0
35            0
36            0
37            0
38            0
40            0
41            0
EndDirichletZ

Neumann
5            0
6            0
7            0
8            0
11            0
12            0
15            0
16            0
19            0
20            0
23            0
24            0
27            0
28            0
31            0
32            0
35            0
36            0
40            0
41            0
EndNeumann
